25

 1.0					 0.0
 0.9659258262890682867497431997289	 0.25881904510252076234889883762405
 0.86602540378443864676372317075294	 0.5
 0.70710678118654752440084436210485	 0.70710678118654752440084436210485
 0.5					 0.86602540378443864676372317075294
 0.25881904510252076234889883762405	 0.9659258262890682867497431997289
 0.0					 1.0
-0.25881904510252076234889883762405	 0.9659258262890682867497431997289
-0.5					 0.86602540378443864676372317075294
-0.70710678118654752440084436210485	 0.70710678118654752440084436210485
-0.86602540378443864676372317075294	 0.5
-0.9659258262890682867497431997289	 0.25881904510252076234889883762405
-1.0					 0.0
-0.9659258262890682867497431997289	-0.25881904510252076234889883762405
-0.86602540378443864676372317075294	-0.5
-0.70710678118654752440084436210485	-0.70710678118654752440084436210485
-0.5					-0.86602540378443864676372317075294
-0.25881904510252076234889883762405	-0.9659258262890682867497431997289
-0.0					-1.0
 0.25881904510252076234889883762405	-0.9659258262890682867497431997289
 0.5					-0.86602540378443864676372317075294
 0.70710678118654752440084436210485	-0.70710678118654752440084436210485
 0.86602540378443864676372317075294	-0.5
 0.9659258262890682867497431997289	-0.25881904510252076234889883762405
 1.0					 0.0

